*3DSMAX_ASCIIEXPORT	110
*COMMENT "[ Kerrax ASCII Model Exporter ] - Apr 13 2011"
*SCENE {
	*SCENE_FILENAME ""
	*SCENE_FIRSTFRAME 0
	*SCENE_LASTFRAME 100
	*SCENE_FRAMESPEED 25
	*SCENE_TICKSPERFRAME 192
	*SCENE_BACKGROUND_STATIC 0	0	0
	*SCENE_AMBIENT_STATIC 0.2	0.2	0.2
}
*MATERIAL_LIST {
	*MATERIAL_COUNT 1
	*MATERIAL 0 {
		*MATERIAL_NAME "MultiMtl #0"
		*MATERIAL_CLASS "Multi/Sub-Object"
		*NUMSUBMTLS 3
		*SUBMATERIAL 0 {
			*MATERIAL_NAME "Material #108"
			*MATERIAL_CLASS "Standard"
			*MATERIAL_DIFFUSE 0.588	0.588	0.588
			*MAP_DIFFUSE {
				*BITMAP "BS_NOVS.tga"
			}
		}
		*SUBMATERIAL 1 {
			*MATERIAL_NAME "NACKED_MUSCEL0"
			*MATERIAL_CLASS "Standard"
			*MATERIAL_DIFFUSE 0.509804	0.407843	0.305882
			*MAP_DIFFUSE {
				*BITMAP "HUM_BODY_NAKED_V0_C0.TGA"
			}
		}
		*SUBMATERIAL 2 {
			*MATERIAL_NAME "Material #107"
			*MATERIAL_CLASS "Standard"
			*MATERIAL_DIFFUSE 0.588	0.588	0.588
			*MAP_DIFFUSE {
				*BITMAP "BS_NOVS.tga"
			}
		}
	}
}
*HELPEROBJECT {
	*NODE_NAME "Bip01"
	*NODE_TM {
		*NODE_NAME "Bip01"
		*TM_ROW0 6.61612e-006	-1	0
		*TM_ROW1 1	6.61612e-006	0
		*TM_ROW2 0	0	1
		*TM_ROW3 0	-7.37745	99.9496
		*TM_POS 0	-7.37745	99.9496
		*TM_ROTAXIS -0	-0	1
		*TM_ROTANGLE 1.57079
		*TM_SCALE 1	1	1
		*TM_SCALEAXIS 0	0	0
		*TM_SCALEAXISANG 0	0	0
	}
}
*HELPEROBJECT {
	*NODE_NAME "Bip01 Pelvis"
	*NODE_PARENT "Bip01"
	*NODE_TM {
		*NODE_NAME "Bip01 Pelvis"
		*TM_ROW0 -1.19209e-007	1.74344e-006	1
		*TM_ROW1 0.0368368	-0.999321	1.74344e-006
		*TM_ROW2 0.999321	0.0368368	-1.19209e-007
		*TM_ROW3 1e-005	-8.0113	99.9496
		*TM_POS 1e-005	-8.0113	99.9496
		*TM_ROTAXIS -0.707047	-0.0130277	-0.707047
		*TM_ROTANGLE 3.16764
		*TM_SCALE 1	1	1
		*TM_SCALEAXIS 0	0	0
		*TM_SCALEAXISANG 0	0	0
	}
}
*HELPEROBJECT {
	*NODE_NAME "Bip01 Spine"
	*NODE_PARENT "Bip01 Pelvis"
	*NODE_TM {
		*NODE_NAME "Bip01 Spine"
		*TM_ROW0 5.96046e-007	-0.0205947	0.999788
		*TM_ROW1 5.50505e-006	-0.999788	-0.0205947
		*TM_ROW2 1	5.51622e-006	-4.76837e-007
		*TM_ROW3 1.00387e-005	-7.92216	102.35
		*TM_POS 1.00387e-005	-7.92216	102.35
		*TM_ROTAXIS -0.707088	0.00727995	-0.707088
		*TM_ROTANGLE 3.15616
		*TM_SCALE 1	1	1
		*TM_SCALEAXIS 0	0	0
		*TM_SCALEAXISANG 0	0	0
	}
}
*HELPEROBJECT {
	*NODE_NAME "Bip01 Spine1"
	*NODE_PARENT "Bip01 Spine"
	*NODE_TM {
		*NODE_NAME "Bip01 Spine1"
		*TM_ROW0 -1.19209e-007	-0.00277006	0.999996
		*TM_ROW1 -1.63901e-006	-0.999996	-0.00277006
		*TM_ROW2 1	-1.63913e-006	5.96046e-008
		*TM_ROW3 1e-005	-8.11442	112.175
		*TM_POS 1e-005	-8.11442	112.175
		*TM_ROTAXIS -0.707106	0.000979947	-0.707106
		*TM_ROTANGLE 3.14355
		*TM_SCALE 1	1	1
		*TM_SCALEAXIS 0	0	0
		*TM_SCALEAXISANG 0	0	0
	}
}
*HELPEROBJECT {
	*NODE_NAME "Bip01 Spine2"
	*NODE_PARENT "Bip01 Spine1"
	*NODE_TM {
		*NODE_NAME "Bip01 Spine2"
		*TM_ROW0 -2.38419e-007	0.180243	0.983622
		*TM_ROW1 1.71363e-006	-0.983622	0.180243
		*TM_ROW2 1	1.72853e-006	-1.19209e-007
		*TM_ROW3 1e-005	-8.1264	124.961
		*TM_POS 1e-005	-8.1264	124.961
		*TM_ROTAXIS -0.705652	-0.06412	-0.705652
		*TM_ROTANGLE 3.01353
		*TM_SCALE 1	1	1
		*TM_SCALEAXIS 0	0	0
		*TM_SCALEAXISANG 0	0	0
	}
}
*HELPEROBJECT {
	*NODE_NAME "Bip01 Neck"
	*NODE_PARENT "Bip01 Spine2"
	*NODE_TM {
		*NODE_NAME "Bip01 Neck"
		*TM_ROW0 -1.19209e-007	-0.167043	0.98595
		*TM_ROW1 4.51505e-006	-0.98595	-0.167043
		*TM_ROW2 1	4.42564e-006	8.34465e-007
		*TM_ROW3 0	-2.71656	154.454
		*TM_POS 0	-2.71656	154.454
		*TM_ROTAXIS -0.705859	0.0593699	-0.70586
		*TM_ROTANGLE 3.2602
		*TM_SCALE 1	1	1
		*TM_SCALEAXIS 0	0	0
		*TM_SCALEAXISANG 0	0	0
	}
}
*HELPEROBJECT {
	*NODE_NAME "Bip01 Head"
	*NODE_PARENT "Bip01 Neck"
	*NODE_TM {
		*NODE_NAME "Bip01 Head"
		*TM_ROW0 -1.07288e-006	1.59443e-006	1
		*TM_ROW1 -1.67918e-006	-1	1.59443e-006
		*TM_ROW2 1	-1.67917e-006	9.53674e-007
		*TM_ROW3 2.88765e-011	-3.85901	161.198
		*TM_POS 2.88765e-011	-3.85901	161.198
		*TM_ROTAXIS -0.707106	2.99612e-008	-0.707107
		*TM_ROTANGLE 3.14159
		*TM_SCALE 1	1	1
		*TM_SCALEAXIS 0	0	0
		*TM_SCALEAXISANG 0	0	0
	}
}
*HELPEROBJECT {
	*NODE_NAME "ZS_HELMET"
	*NODE_PARENT "Bip01 Head"
	*NODE_TM {
		*NODE_NAME "ZS_HELMET"
		*TM_ROW0 1	6.2894e-008	8.70951e-007
		*TM_ROW1 2.2664e-008	0.995197	-0.0978884
		*TM_ROW2 -8.72924e-007	0.0978884	0.995197
		*TM_ROW3 1e-005	-7.06248	173.704
		*TM_POS 1e-005	-7.06248	173.704
		*TM_ROTAXIS 1	8.90747e-006	-2.05489e-007
		*TM_ROTANGLE 0.0980454
		*TM_SCALE 1	1	1
		*TM_SCALEAXIS 0	0	0
		*TM_SCALEAXISANG 0	0	0
	}
}
*HELPEROBJECT {
	*NODE_NAME "Bip01 L Clavicle"
	*NODE_PARENT "Bip01 Neck"
	*NODE_TM {
		*NODE_NAME "Bip01 L Clavicle"
		*TM_ROW0 0.935229	-0.203893	-0.289438
		*TM_ROW1 0.156435	0.971369	-0.178802
		*TM_ROW2 0.317608	0.121943	0.940348
		*TM_ROW3 7.96399	-1.25804	148.729
		*TM_POS 7.96399	-1.25804	148.729
		*TM_ROTAXIS 0.391939	-0.791119	0.469589
		*TM_ROTANGLE 0.39376
		*TM_SCALE 1	1	1
		*TM_SCALEAXIS 0	0	0
		*TM_SCALEAXISANG 0	0	0
	}
}
*HELPEROBJECT {
	*NODE_NAME "Bip01 L UpperArm"
	*NODE_PARENT "Bip01 L Clavicle"
	*NODE_TM {
		*NODE_NAME "Bip01 L UpperArm"
		*TM_ROW0 0.246229	0.0989028	-0.964152
		*TM_ROW1 0.412789	0.889345	0.196649
		*TM_ROW2 0.876913	-0.446412	0.178157
		*TM_ROW3 20.4269	-3.97508	144.872
		*TM_POS 20.4269	-3.97508	144.872
		*TM_ROTAXIS -0.325561	-0.932072	0.15891
		*TM_ROTANGLE 1.41328
		*TM_SCALE 1	1	1
		*TM_SCALEAXIS 0	0	0
		*TM_SCALEAXISANG 0	0	0
	}
}
*HELPEROBJECT {
	*NODE_NAME "Bip01 L Forearm"
	*NODE_PARENT "Bip01 L UpperArm"
	*NODE_TM {
		*NODE_NAME "Bip01 L Forearm"
		*TM_ROW0 0.045512	-0.291882	-0.955371
		*TM_ROW1 0.478489	0.845886	-0.235638
		*TM_ROW2 0.876913	-0.44641	0.17816
		*TM_ROW3 27.2982	-1.21526	117.966
		*TM_POS 27.2982	-1.21526	117.966
		*TM_ROTAXIS -0.10545	-0.916697	0.385418
		*TM_ROTANGLE 1.53601
		*TM_SCALE 1	1	1
		*TM_SCALEAXIS 0	0	0
		*TM_SCALEAXISANG 0	0	0
	}
}
*HELPEROBJECT {
	*NODE_NAME "Bip01 L Hand"
	*NODE_PARENT "Bip01 L Forearm"
	*NODE_TM {
		*NODE_NAME "Bip01 L Hand"
		*TM_ROW0 0.045513	-0.291886	-0.95537
		*TM_ROW1 -0.876533	0.44708	-0.17835
		*TM_ROW2 0.479185	0.845531	-0.2355
		*TM_ROW3 28.5642	-9.33438	91.391
		*TM_POS 28.5642	-9.33438	91.391
		*TM_ROTAXIS 0.551391	-0.772552	-0.314851
		*TM_ROTANGLE 1.95137
		*TM_SCALE 1	1	1
		*TM_SCALEAXIS 0	0	0
		*TM_SCALEAXISANG 0	0	0
	}
}
*HELPEROBJECT {
	*NODE_NAME "Bip01 L Finger0"
	*NODE_PARENT "Bip01 L Hand"
	*NODE_TM {
		*NODE_NAME "Bip01 L Finger0"
		*TM_ROW0 0.0455148	-0.291888	-0.955369
		*TM_ROW1 -0.876915	0.446405	-0.178165
		*TM_ROW2 0.478486	0.845886	-0.235643
		*TM_ROW3 29.15	-13.0909	79.0956
		*TM_POS 29.15	-13.0909	79.0956
		*TM_ROTAXIS 0.55158	-0.772311	-0.315111
		*TM_ROTANGLE 1.95181
		*TM_SCALE 1	1	1
		*TM_SCALEAXIS 0	0	0
		*TM_SCALEAXISANG 0	0	0
	}
}
*HELPEROBJECT {
	*NODE_NAME "ZS_LEFTHAND"
	*NODE_PARENT "Bip01 L Hand"
	*NODE_TM {
		*NODE_NAME "ZS_LEFTHAND"
		*TM_ROW0 0.435606	0.890062	-0.134304
		*TM_ROW1 0.180313	-0.232462	-0.955745
		*TM_ROW2 -0.881893	0.392112	-0.261752
		*TM_ROW3 26.7605	-11.5468	82.7857
		*TM_POS 26.7605	-11.5468	82.7857
		*TM_ROTAXIS -0.794322	-0.440571	0.41827
		*TM_ROTANGLE 4.15461
		*TM_SCALE 1	1	1
		*TM_SCALEAXIS 0	0	0
		*TM_SCALEAXISANG 0	0	0
	}
}
*HELPEROBJECT {
	*NODE_NAME "ZS_LEFTARM"
	*NODE_PARENT "Bip01 L Forearm"
	*NODE_TM {
		*NODE_NAME "ZS_LEFTARM"
		*TM_ROW0 0.0759927	-0.150176	-0.985734
		*TM_ROW1 0.524499	0.846792	-0.0885734
		*TM_ROW2 0.848013	-0.510285	0.143117
		*TM_ROW3 26.9101	-7.67832	110.055
		*TM_POS 26.9101	-7.67832	110.055
		*TM_ROTAXIS -0.21097	-0.917372	0.337521
		*TM_ROTANGLE 1.53784
		*TM_SCALE 1	1	1
		*TM_SCALEAXIS 0	0	0
		*TM_SCALEAXISANG 0	0	0
	}
}
*HELPEROBJECT {
	*NODE_NAME "Bip01 R Clavicle"
	*NODE_PARENT "Bip01 Neck"
	*NODE_TM {
		*NODE_NAME "Bip01 R Clavicle"
		*TM_ROW0 -0.935227	-0.203899	-0.28944
		*TM_ROW1 -0.156442	0.971368	-0.178799
		*TM_ROW2 0.31761	-0.121937	-0.940349
		*TM_ROW3 -7.96398	-1.25806	148.729
		*TM_POS -7.96398	-1.25806	148.729
		*TM_ROTAXIS 0.0929799	-0.992639	0.0775998
		*TM_ROTANGLE 2.83084
		*TM_SCALE 1	1	1
		*TM_SCALEAXIS 0	0	0
		*TM_SCALEAXISANG 0	0	0
	}
}
*HELPEROBJECT {
	*NODE_NAME "Bip01 R UpperArm"
	*NODE_PARENT "Bip01 R Clavicle"
	*NODE_TM {
		*NODE_NAME "Bip01 R UpperArm"
		*TM_ROW0 -0.246232	0.0988931	-0.964152
		*TM_ROW1 -0.412793	0.889345	0.196642
		*TM_ROW2 0.87691	0.446415	-0.178163
		*TM_ROW3 -20.4269	-3.97513	144.872
		*TM_POS -20.4269	-3.97513	144.872
		*TM_ROTAXIS 0.129611	-0.955353	-0.265521
		*TM_ROTANGLE 1.84162
		*TM_SCALE 1	1	1
		*TM_SCALEAXIS 0	0	0
		*TM_SCALEAXISANG 0	0	0
	}
}
*HELPEROBJECT {
	*NODE_NAME "Bip01 R Forearm"
	*NODE_PARENT "Bip01 R UpperArm"
	*NODE_TM {
		*NODE_NAME "Bip01 R Forearm"
		*TM_ROW0 -0.0455087	-0.291889	-0.955369
		*TM_ROW1 -0.478487	0.845885	-0.235646
		*TM_ROW2 0.876915	0.446408	-0.17816
		*TM_ROW3 -27.2982	-1.21533	117.966
		*TM_POS -27.2982	-1.21533	117.966
		*TM_ROTAXIS 0.347279	-0.932937	-0.0950095
		*TM_ROTANGLE 1.76083
		*TM_SCALE 1	1	1
		*TM_SCALEAXIS 0	0	0
		*TM_SCALEAXISANG 0	0	0
	}
}
*HELPEROBJECT {
	*NODE_NAME "Bip01 R Hand"
	*NODE_PARENT "Bip01 R Forearm"
	*NODE_TM {
		*NODE_NAME "Bip01 R Hand"
		*TM_ROW0 -0.0455111	-0.291885	-0.95537
		*TM_ROW1 0.876529	0.447088	-0.17835
		*TM_ROW2 0.479192	-0.845527	0.235498
		*TM_ROW3 -28.5642	-9.33445	91.3911
		*TM_POS -28.5642	-9.33445	91.3911
		*TM_ROTAXIS -0.33922	-0.72939	0.59407
		*TM_ROTANGLE 1.75327
		*TM_SCALE 1	1	1
		*TM_SCALEAXIS 0	0	0
		*TM_SCALEAXISANG 0	0	0
	}
}
*HELPEROBJECT {
	*NODE_NAME "Bip01 R Finger0"
	*NODE_PARENT "Bip01 R Hand"
	*NODE_TM {
		*NODE_NAME "Bip01 R Finger0"
		*TM_ROW0 -0.0455054	-0.291877	-0.955373
		*TM_ROW1 0.876914	0.446413	-0.178152
		*TM_ROW2 0.478489	-0.845886	0.235636
		*TM_ROW3 -29.1499	-13.0909	79.0956
		*TM_POS -29.1499	-13.0909	79.0956
		*TM_ROTAXIS -0.339521	-0.729071	0.594291
		*TM_ROTANGLE 1.75354
		*TM_SCALE 1	1	1
		*TM_SCALEAXIS 0	0	0
		*TM_SCALEAXISANG 0	0	0
	}
}
*HELPEROBJECT {
	*NODE_NAME "ZS_RIGHTHAND"
	*NODE_PARENT "Bip01 R Hand"
	*NODE_TM {
		*NODE_NAME "ZS_RIGHTHAND"
		*TM_ROW0 -0.464344	0.856417	-0.225687
		*TM_ROW1 0.177861	0.339806	0.923524
		*TM_ROW2 0.867612	0.388692	-0.31011
		*TM_ROW3 -20.9389	-19.9852	85.8932
		*TM_POS -20.9389	-19.9852	85.8932
		*TM_ROTAXIS -0.383811	-0.784582	-0.486951
		*TM_ROTANGLE 2.37075
		*TM_SCALE 1	1	1
		*TM_SCALEAXIS 0	0	0
		*TM_SCALEAXISANG 0	0	0
	}
}
*HELPEROBJECT {
	*NODE_NAME "ZS_CROSSBOW"
	*NODE_PARENT "Bip01 Spine2"
	*NODE_TM {
		*NODE_NAME "ZS_CROSSBOW"
		*TM_ROW0 -0.382687	-0.111464	0.91713
		*TM_ROW1 -0.923878	0.0461714	-0.379891
		*TM_ROW2 -1.04308e-006	-0.992695	-0.120648
		*TM_ROW3 -14.434	10.5915	165.98
		*TM_POS -14.434	10.5915	165.98
		*TM_ROTAXIS 0.447329	-0.669479	0.593039
		*TM_ROTANGLE 3.89614
		*TM_SCALE 1	1	1
		*TM_SCALEAXIS 0	0	0
		*TM_SCALEAXISANG 0	0	0
	}
}
*HELPEROBJECT {
	*NODE_NAME "ZS_LONGSWORD"
	*NODE_PARENT "Bip01 Spine2"
	*NODE_TM {
		*NODE_NAME "ZS_LONGSWORD"
		*TM_ROW0 -0.499829	-0.0915009	0.861277
		*TM_ROW1 -0.865729	0.0828186	-0.493614
		*TM_ROW2 -0.0261637	-0.992355	-0.12061
		*TM_ROW3 -18.1593	6.9263	157.64
		*TM_POS -18.1593	6.9263	157.64
		*TM_ROTAXIS 0.38996	-0.69388	0.60536
		*TM_ROTANGLE 3.83541
		*TM_SCALE 1	1	1
		*TM_SCALEAXIS 0	0	0
		*TM_SCALEAXISANG 0	0	0
	}
}
*HELPEROBJECT {
	*NODE_NAME "ZS_SHIELD"
	*NODE_PARENT "Bip01 Spine2"
	*NODE_TM {
		*NODE_NAME "ZS_SHIELD"
		*TM_ROW0 -0.0138683	0.114196	-0.993361
		*TM_ROW1 -0.908393	0.413755	0.0602469
		*TM_ROW2 0.417888	0.903198	0.0979967
		*TM_ROW3 8.76511	9.5282	131.875
		*TM_POS 8.76511	9.5282	131.875
		*TM_ROTAXIS 0.435421	-0.728972	-0.528212
		*TM_ROTANGLE 1.82457
		*TM_SCALE 1	1	1
		*TM_SCALEAXIS 0	0	0
		*TM_SCALEAXISANG 0	0	0
	}
}
*HELPEROBJECT {
	*NODE_NAME "ZS_BOW"
	*NODE_PARENT "Bip01 Spine2"
	*NODE_TM {
		*NODE_NAME "ZS_BOW"
		*TM_ROW0 -0.341817	-0.0868228	0.935748
		*TM_ROW1 0.0119435	0.995241	0.0967057
		*TM_ROW2 -0.939691	0.0442317	-0.339153
		*TM_ROW3 0.5012	12.4143	124.55
		*TM_POS 0.5012	12.4143	124.55
		*TM_ROTAXIS -0.02793	0.998227	0.0525697
		*TM_ROTANGLE 1.92076
		*TM_SCALE 1	1	1
		*TM_SCALEAXIS 0	0	0
		*TM_SCALEAXISANG 0	0	0
	}
}
*HELPEROBJECT {
	*NODE_NAME "ZS_SWORD"
	*NODE_PARENT "Bip01 Spine"
	*NODE_TM {
		*NODE_NAME "ZS_SWORD"
		*TM_ROW0 9.53674e-007	-0.347172	0.937801
		*TM_ROW1 1.3411e-007	0.937801	0.347172
		*TM_ROW2 -1	-1.93715e-007	9.53674e-007
		*TM_ROW3 17.5015	-4.36211	106.367
		*TM_POS 17.5015	-4.36211	106.367
		*TM_ROTAXIS -0.17367	0.96937	0.17367
		*TM_ROTANGLE 1.6019
		*TM_SCALE 1	1	1
		*TM_SCALEAXIS 0	0	0
		*TM_SCALEAXISANG 0	0	0
	}
}
*HELPEROBJECT {
	*NODE_NAME "Bip01 L Thigh"
	*NODE_PARENT "Bip01 Pelvis"
	*NODE_TM {
		*NODE_NAME "Bip01 L Thigh"
		*TM_ROW0 0.053488	-0.0367884	-0.997891
		*TM_ROW1 -0.00216254	-0.999323	0.0367253
		*TM_ROW2 -0.998566	0.000193615	-0.0535314
		*TM_ROW3 9.01023	-8.01129	99.9496
		*TM_POS 9.01023	-8.01129	99.9496
		*TM_ROTAXIS -0.72572	0.0134202	0.68786
		*TM_ROTANGLE 3.11642
		*TM_SCALE 1	1	1
		*TM_SCALEAXIS 0	0	0
		*TM_SCALEAXISANG 0	0	0
	}
}
*HELPEROBJECT {
	*NODE_NAME "Bip01 L Calf"
	*NODE_PARENT "Bip01 L Thigh"
	*NODE_TM {
		*NODE_NAME "Bip01 L Calf"
		*TM_ROW0 0.0525138	0.197551	-0.978885
		*TM_ROW1 0.0103898	-0.980293	-0.197278
		*TM_ROW2 -0.998566	0.000189334	-0.0535314
		*TM_ROW3 11.1149	-9.45845	60.6877
		*TM_POS 11.1149	-9.45845	60.6877
		*TM_ROTAXIS -0.723901	-0.0721498	0.686121
		*TM_ROTANGLE 3.27841
		*TM_SCALE 1	1	1
		*TM_SCALEAXIS 0	0	0
		*TM_SCALEAXISANG 0	0	0
	}
}
*HELPEROBJECT {
	*NODE_NAME "Bip01 L Foot"
	*NODE_PARENT "Bip01 L Calf"
	*NODE_TM {
		*NODE_NAME "Bip01 L Foot"
		*TM_ROW0 -2.38419e-007	7.42078e-006	-1
		*TM_ROW1 0.173652	-0.984807	-7.36117e-006
		*TM_ROW2 -0.984807	-0.173652	-9.53674e-007
		*TM_ROW3 13.6935	0.240671	12.6267
		*TM_POS 13.6935	0.240671	12.6267
		*TM_ROTAXIS -0.705757	-0.0617497	0.705757
		*TM_ROTANGLE 3.01826
		*TM_SCALE 1	1	1
		*TM_SCALEAXIS 0	0	0
		*TM_SCALEAXISANG 0	0	0
	}
}
*HELPEROBJECT {
	*NODE_NAME "Bip01 L Toe0"
	*NODE_PARENT "Bip01 L Foot"
	*NODE_TM {
		*NODE_NAME "Bip01 L Toe0"
		*TM_ROW0 0.173646	-0.984808	5.06639e-006
		*TM_ROW1 4.67896e-006	5.96046e-006	1
		*TM_ROW2 -0.984808	-0.173646	5.60284e-006
		*TM_ROW3 17.6256	-22.0591	-2.86102e-006
		*TM_POS 17.6256	-22.0591	-2.86102e-006
		*TM_ROTAXIS -0.644398	0.540718	0.540718
		*TM_ROTANGLE 1.99673
		*TM_SCALE 1	1	1
		*TM_SCALEAXIS 0	0	0
		*TM_SCALEAXISANG 0	0	0
	}
}
*HELPEROBJECT {
	*NODE_NAME "Bip01 R Thigh"
	*NODE_PARENT "Bip01 Pelvis"
	*NODE_TM {
		*NODE_NAME "Bip01 R Thigh"
		*TM_ROW0 -0.0535038	-0.0367749	-0.99789
		*TM_ROW1 0.00205754	-0.999323	0.0367174
		*TM_ROW2 -0.998565	-8.86749e-005	0.0535433
		*TM_ROW3 -9.01021	-8.01132	99.9496
		*TM_POS -9.01021	-8.01132	99.9496
		*TM_ROTAXIS 0.687862	-0.0126201	-0.725732
		*TM_ROTANGLE 3.16835
		*TM_SCALE 1	1	1
		*TM_SCALEAXIS 0	0	0
		*TM_SCALEAXISANG 0	0	0
	}
}
*HELPEROBJECT {
	*NODE_NAME "Bip01 R Calf"
	*NODE_PARENT "Bip01 R Thigh"
	*NODE_TM {
		*NODE_NAME "Bip01 R Calf"
		*TM_ROW0 -0.0525028	0.197539	-0.978888
		*TM_ROW1 -0.0104968	-0.980295	-0.19726
		*TM_ROW2 -0.998566	-8.15317e-005	0.0535417
		*TM_ROW3 -11.1154	-9.45856	60.6878
		*TM_POS -11.1154	-9.45856	60.6878
		*TM_ROTAXIS 0.686298	0.0684896	-0.724088
		*TM_ROTANGLE 2.99744
		*TM_SCALE 1	1	1
		*TM_SCALEAXIS 0	0	0
		*TM_SCALEAXISANG 0	0	0
	}
}
*HELPEROBJECT {
	*NODE_NAME "Bip01 R Foot"
	*NODE_PARENT "Bip01 R Calf"
	*NODE_TM {
		*NODE_NAME "Bip01 R Foot"
		*TM_ROW0 -8.34465e-007	-7.0855e-006	-1
		*TM_ROW1 -0.173652	-0.984807	7.13021e-006
		*TM_ROW2 -0.984807	0.173652	-2.38419e-007
		*TM_ROW3 -13.6935	0.240649	12.6267
		*TM_POS -13.6935	0.240649	12.6267
		*TM_ROTAXIS 0.705757	-0.0617497	-0.705757
		*TM_ROTANGLE 3.01826
		*TM_SCALE 1	1	1
		*TM_SCALEAXIS 0	0	0
		*TM_SCALEAXISANG 0	0	0
	}
}
*HELPEROBJECT {
	*NODE_NAME "Bip01 R Toe0"
	*NODE_PARENT "Bip01 R Foot"
	*NODE_TM {
		*NODE_NAME "Bip01 R Toe0"
		*TM_ROW0 -0.173651	-0.984807	3.15905e-006
		*TM_ROW1 3.36766e-006	2.6226e-006	1
		*TM_ROW2 -0.984807	0.173651	2.86102e-006
		*TM_ROW3 -17.6255	-22.0592	3.43323e-005
		*TM_POS -17.6255	-22.0592	3.43323e-005
		*TM_ROTAXIS 0.510271	-0.608121	-0.608121
		*TM_ROTANGLE 4.08526
		*TM_SCALE 1	1	1
		*TM_SCALEAXIS 0	0	0
		*TM_SCALEAXISANG 0	0	0
	}
}
*GEOMOBJECT {
	*NODE_NAME "zm_Skin001"
	*NODE_PARENT "Bip01 Pelvis"
	*NODE_TM {
		*NODE_NAME "zm_Skin001"
		*TM_ROW0 -1	1.86043e-008	-3.94881e-007
		*TM_ROW1 -1.8605e-008	-1	1.73738e-006
		*TM_ROW2 -3.94881e-007	1.73738e-006	1
		*TM_ROW3 1.17125e-008	0	1.52588e-005
		*TM_POS 1.17125e-008	0	1.52588e-005
		*TM_ROTAXIS 1.9744e-007	-8.68691e-007	-1
		*TM_ROTANGLE 3.14159
		*TM_SCALE 1	1	1
		*TM_SCALEAXIS 0	0	0
		*TM_SCALEAXISANG 0	0	0
	}
	*MATERIAL_REF 0
	*MESH_SOFTSKIN {
		*TIMEVALUE 0
		*MESH_NUMVERTEX 249
		*MESH_NUMFACES 418
		*MESH_VERTEX_LIST {
			*MESH_VERTEX 0	-14.2524	5.27146	2.24698
			*MESH_VERTEX 1	-6.89167	-21.0781	63.5878
			*MESH_VERTEX 2	-16.2205	-26.0116	2.40007
			*MESH_VERTEX 3	17.4317	-12.397	17.1545
			*MESH_VERTEX 4	14.3806	-20.2415	64.3917
			*MESH_VERTEX 5	15.9516	-25.1249	2.69871
			*MESH_VERTEX 6	16.7134	6.14309	2.00891
			*MESH_VERTEX 7	9.03315	-2.07662	62.1143
			*MESH_VERTEX 8	-16.2494	-4.58031	62.4551
			*MESH_VERTEX 9	-23.717	3.26074	143.812
			*MESH_VERTEX 10	-35.0674	-0.473201	107.651
			*MESH_VERTEX 11	-18.2066	-14.1735	141.772
			*MESH_VERTEX 12	33.2965	-3.24605	117.564
			*MESH_VERTEX 13	30.0554	-6.42259	136.011
			*MESH_VERTEX 14	15.9295	-5.37377	136.164
			*MESH_VERTEX 15	23.7604	3.4631	143.838
			*MESH_VERTEX 16	22.2347	-7.20799	109.255
			*MESH_VERTEX 17	-26.5902	-20.7375	2.78576
			*MESH_VERTEX 18	23.5965	-10.0281	149.54
			*MESH_VERTEX 19	35.0673	-0.555667	107.609
			*MESH_VERTEX 20	28.9126	-17.9224	81.593
			*MESH_VERTEX 21	28.8476	-5.61485	90.4939
			*MESH_VERTEX 22	34.3814	-9.90671	81.0365
			*MESH_VERTEX 23	-28.9126	-17.9224	81.593
			*MESH_VERTEX 24	-28.8478	-5.61496	90.494
			*MESH_VERTEX 25	-34.3814	-9.90665	81.0363
			*MESH_VERTEX 26	7.35692	1.90398	156.75
			*MESH_VERTEX 27	0.0469886	-10.2602	148.535
			*MESH_VERTEX 28	-7.13567	1.6438	156.66
			*MESH_VERTEX 29	4.71526	-8.22292	163.093
			*MESH_VERTEX 30	19.2982	2.9325	134.364
			*MESH_VERTEX 31	20.3896	4.92975	135.451
			*MESH_VERTEX 32	25.5875	2.03796	106.678
			*MESH_VERTEX 33	26.7834	-20.8716	3.08683
			*MESH_VERTEX 34	-22.2145	-7.07083	109.279
			*MESH_VERTEX 35	-25.577	2.11957	106.681
			*MESH_VERTEX 36	-8.7265	-3.51311	62.111
			*MESH_VERTEX 37	-19.0111	2.87776	134.447
			*MESH_VERTEX 38	-20.1875	4.77776	135.505
			*MESH_VERTEX 39	32.0672	-8.60853	109.929
			*MESH_VERTEX 40	-3.54191	0.313266	167.416
			*MESH_VERTEX 41	-4.73776	-7.99841	163.031
			*MESH_VERTEX 42	16.9475	-2.7007	62.4644
			*MESH_VERTEX 43	-32.1804	-8.51592	109.884
			*MESH_VERTEX 44	-15.9091	-5.61738	136.241
			*MESH_VERTEX 45	3.77973	0.0689781	167.408
			*MESH_VERTEX 46	23.2597	-13.7191	78.3607
			*MESH_VERTEX 47	-23.2598	-13.7189	78.3608
			*MESH_VERTEX 48	-29.1248	-6.59652	78.5708
			*MESH_VERTEX 49	29.1247	-6.59662	78.5708
			*MESH_VERTEX 50	8.25704	-19.6771	63.7163
			*MESH_VERTEX 51	-17.8018	-15.0724	12.4246
			*MESH_VERTEX 52	-12.7231	-21.9913	64.3605
			*MESH_VERTEX 53	-21.4217	-2.75952	15.0695
			*MESH_VERTEX 54	16.6519	-10.341	138.607
			*MESH_VERTEX 55	-23.5296	-10.1684	149.453
			*MESH_VERTEX 56	6.88509	-1.98904	48.2403
			*MESH_VERTEX 57	26.3506	-13.3242	92.1338
			*MESH_VERTEX 58	-26.3506	-13.3243	92.1341
			*MESH_VERTEX 59	22.5875	-1.7252	14.8739
			*MESH_VERTEX 60	30.0646	-13.3777	92.7051
			*MESH_VERTEX 61	-30.0648	-13.3778	92.7054
			*MESH_VERTEX 62	10.1931	-2.52344	13.6485
			*MESH_VERTEX 63	-8.23248	-3.68096	13.5318
			*MESH_VERTEX 64	-13.5691	0.763435	50.79
			*MESH_VERTEX 65	-21.3728	-4.85308	118.085
			*MESH_VERTEX 66	-19.7841	-9.98959	50.3564
			*MESH_VERTEX 67	13.5801	1.96196	50.1163
			*MESH_VERTEX 68	-23.9415	-13.125	139.97
			*MESH_VERTEX 69	-8.98816	-18.3585	54.8374
			*MESH_VERTEX 70	22.6594	-11.4864	87.5873
			*MESH_VERTEX 71	-22.6595	-11.4863	87.5874
			*MESH_VERTEX 72	31.5736	-6.53689	90.702
			*MESH_VERTEX 73	-31.5737	-6.53702	90.7022
			*MESH_VERTEX 74	27.0852	-9.70287	110.075
			*MESH_VERTEX 75	21.8039	-4.60212	118.052
			*MESH_VERTEX 76	17.9206	-13.8937	142.074
			*MESH_VERTEX 77	11.9556	1.34075	-0.489082
			*MESH_VERTEX 78	-9.21438	0.131261	-0.394922
			*MESH_VERTEX 79	-20.5545	1.73826	0.851113
			*MESH_VERTEX 80	22.7509	2.07245	0.626974
			*MESH_VERTEX 81	24.8539	-1.48749	150.34
			*MESH_VERTEX 82	-33.8161	-3.13416	117.273
			*MESH_VERTEX 83	-29.9914	-6.296	135.565
			*MESH_VERTEX 84	-24.719	-1.61589	150.347
			*MESH_VERTEX 85	-16.9753	-6.04966	134.814
			*MESH_VERTEX 86	6.35124	-7.04705	61.2993
			*MESH_VERTEX 87	-15.2831	2.99261	15.9484
			*MESH_VERTEX 88	-6.34051	-2.73248	48.5993
			*MESH_VERTEX 89	18.6353	-14.1814	12.7124
			*MESH_VERTEX 90	-6.40007	-4.65072	164.939
			*MESH_VERTEX 91	10.288	-17.0933	55.288
			*MESH_VERTEX 92	6.37753	-5.06485	164.915
			*MESH_VERTEX 93	-25.8015	-14.7639	79.2669
			*MESH_VERTEX 94	-24.2067	-12.7074	78.4699
			*MESH_VERTEX 95	-22.8529	-13.9596	77.9447
			*MESH_VERTEX 96	-25.9739	-15.943	84.3377
			*MESH_VERTEX 97	-24.4477	-16.0162	78.7417
			*MESH_VERTEX 98	25.8015	-14.7639	79.2668
			*MESH_VERTEX 99	24.2066	-12.7075	78.4698
			*MESH_VERTEX 100	22.8529	-13.9597	77.9446
			*MESH_VERTEX 101	25.9738	-15.9431	84.3377
			*MESH_VERTEX 102	24.4478	-16.0163	78.7416
			*MESH_VERTEX 103	-16.7947	-9.29611	138.942
			*MESH_VERTEX 104	-16.8192	-2.9435	131.491
			*MESH_VERTEX 105	-6.58703	-8.5762	61.3363
			*MESH_VERTEX 106	-19.488	-27.0905	2.76237
			*MESH_VERTEX 107	-12.8825	-16.8894	7.71471
			*MESH_VERTEX 108	-18.9127	-25.7304	6.91039
			*MESH_VERTEX 109	-27.2056	-9.63608	110.082
			*MESH_VERTEX 110	-26.1779	-8.38512	91.12
			*MESH_VERTEX 111	-28.0884	-4.87485	84.1239
			*MESH_VERTEX 112	-29.136	-6.25703	87.0103
			*MESH_VERTEX 113	26.1778	-8.38508	91.1197
			*MESH_VERTEX 114	28.0883	-4.87494	84.124
			*MESH_VERTEX 115	29.1358	-6.25697	87.0101
			*MESH_VERTEX 116	32.3378	-10.6437	92.0444
			*MESH_VERTEX 117	-32.338	-10.6438	92.0446
			*MESH_VERTEX 118	19.097	-26.5198	3.1015
			*MESH_VERTEX 119	13.4838	-15.6545	7.84499
			*MESH_VERTEX 120	18.6283	-25.0222	7.23192
			*MESH_VERTEX 121	17.0713	-5.93952	134.9
			*MESH_VERTEX 122	17.0628	-2.92197	131.497
			*MESH_VERTEX 123	-15.8483	-13.534	16.9437
			*MESH_VERTEX 124	-26.7157	-7.52307	118.626
			*MESH_VERTEX 125	0.0447891	3.82551	156.693
			*MESH_VERTEX 126	23.7432	-13.0155	140.446
			*MESH_VERTEX 127	26.6604	-7.13134	118.737
			*MESH_VERTEX 128	16.6963	4.21394	15.7924
			*MESH_VERTEX 129	0.0521116	1.45071	167.947
			*MESH_VERTEX 130	-31.8558	-6.08684	119.336
			*MESH_VERTEX 131	-23.5609	-15.9536	83.7778
			*MESH_VERTEX 132	23.561	-15.9537	83.7778
			*MESH_VERTEX 133	-34.3433	1.77206	116.909
			*MESH_VERTEX 134	-31.5016	1.63797	106.937
			*MESH_VERTEX 135	-25.3515	5.38374	115.679
			*MESH_VERTEX 136	-22.6936	-1.35849	107.626
			*MESH_VERTEX 137	33.8736	1.24808	117.126
			*MESH_VERTEX 138	31.4989	1.59101	106.848
			*MESH_VERTEX 139	25.6963	4.68269	115.685
			*MESH_VERTEX 140	22.7382	-1.43753	107.607
			*MESH_VERTEX 141	31.3784	-5.92678	117.461
			*MESH_VERTEX 142	-20.5299	-4.06513	50.1847
			*MESH_VERTEX 143	-5.47495	-8.83254	48.6006
			*MESH_VERTEX 144	21.6911	-13.6191	82.4049
			*MESH_VERTEX 145	-21.6912	-13.619	82.405
			*MESH_VERTEX 146	20.5307	-2.60695	49.7277
			*MESH_VERTEX 147	0.00325727	-9.3971	162.111
			*MESH_VERTEX 148	-24.4203	-14.6752	88.8946
			*MESH_VERTEX 149	24.4203	-14.6753	88.8945
			*MESH_VERTEX 150	20.046	-8.55556	50.2869
			*MESH_VERTEX 151	6.30692	-8.09281	48.6516
			*MESH_VERTEX 152	27.0858	0.282726	144.4
			*MESH_VERTEX 153	-27.1288	0.137264	144.197
			*MESH_VERTEX 154	-16.6858	-10.1305	62.1108
			*MESH_VERTEX 155	-14.032	-18.9232	55.5207
			*MESH_VERTEX 156	6.22839	-3.74997	156.184
			*MESH_VERTEX 157	-23.8431	-14.788	8.6861
			*MESH_VERTEX 158	-5.97443	-3.96923	156.107
			*MESH_VERTEX 159	-25.8925	4.89092	137.93
			*MESH_VERTEX 160	17.7823	-10.7818	133.775
			*MESH_VERTEX 161	-34.6163	-4.86877	108.831
			*MESH_VERTEX 162	27.9979	-17.464	80.0376
			*MESH_VERTEX 163	-27.9979	-17.4639	80.0376
			*MESH_VERTEX 164	34.535	-4.98888	108.856
			*MESH_VERTEX 165	-22.0529	-12.9062	136.17
			*MESH_VERTEX 166	-17.7575	-10.8447	133.541
			*MESH_VERTEX 167	-17.4043	-7.88363	129.788
			*MESH_VERTEX 168	-22.4003	0.0613477	115.49
			*MESH_VERTEX 169	21.9728	-12.86	136.571
			*MESH_VERTEX 170	17.5773	-7.90433	129.953
			*MESH_VERTEX 171	24.5985	-14.5847	8.83467
			*MESH_VERTEX 172	22.8954	-0.16642	115.572
			*MESH_VERTEX 173	-25.1515	-9.20043	122.355
			*MESH_VERTEX 174	-32.4179	-7.14843	86.3613
			*MESH_VERTEX 175	32.4177	-7.14847	86.3612
			*MESH_VERTEX 176	17.7441	-8.19838	62.0793
			*MESH_VERTEX 177	14.7974	-17.322	55.8101
			*MESH_VERTEX 178	24.5373	-8.31258	122.761
			*MESH_VERTEX 179	-33.5345	-9.23713	79.8142
			*MESH_VERTEX 180	33.5345	-9.23719	79.8142
			*MESH_VERTEX 181	25.7989	4.35027	137.851
			*MESH_VERTEX 182	-26.581	-10.8665	133.742
			*MESH_VERTEX 183	27.0105	-14.9453	2.47392
			*MESH_VERTEX 184	-31.0684	5.19421	116.435
			*MESH_VERTEX 185	-24.4279	6.54393	119.311
			*MESH_VERTEX 186	-26.2478	-14.8198	2.29129
			*MESH_VERTEX 187	30.9321	4.43421	116.524
			*MESH_VERTEX 188	24.7974	5.86467	118.935
			*MESH_VERTEX 189	22.5829	-4.85368	115.996
			*MESH_VERTEX 190	-22.1648	-5.05029	115.821
			*MESH_VERTEX 191	28.8769	0.944805	138.008
			*MESH_VERTEX 192	-28.7214	0.993416	137.796
			*MESH_VERTEX 193	-31.7818	-6.08241	117.135
			*MESH_VERTEX 194	26.6043	-10.9739	134.217
			*MESH_VERTEX 195	-34.3399	2.53253	120.065
			*MESH_VERTEX 196	31.3972	-5.8785	119.461
			*MESH_VERTEX 197	26.3972	-8.48983	142.342
			*MESH_VERTEX 198	-23.1028	-11.0483	130.723
			*MESH_VERTEX 199	-33.86	-3.17448	119.739
			*MESH_VERTEX 200	-26.9774	-7.62435	116.621
			*MESH_VERTEX 201	33.8117	2.02041	119.996
			*MESH_VERTEX 202	33.2786	-3.22314	119.817
			*MESH_VERTEX 203	30.4706	5.49172	119.87
			*MESH_VERTEX 204	26.9456	-7.27888	116.911
			*MESH_VERTEX 205	-26.5637	-8.59593	141.907
			*MESH_VERTEX 206	-30.6255	6.23565	120.153
			*MESH_VERTEX 207	21.888	0.0954357	118.145
			*MESH_VERTEX 208	23.1896	-11.165	131.116
			*MESH_VERTEX 209	-21.3748	0.250503	118.327
			*MESH_VERTEX 210	-6.85812	-0.639178	38.35
			*MESH_VERTEX 211	-21.3764	-1.50217	38.4402
			*MESH_VERTEX 212	7.16108	0.45171	38.236
			*MESH_VERTEX 213	22.1567	0.171796	36.6846
			*MESH_VERTEX 214	6.39053	-6.97295	39.0122
			*MESH_VERTEX 215	17.5585	-15.0903	36.9663
			*MESH_VERTEX 216	22.8294	-6.72267	36.8774
			*MESH_VERTEX 217	-21.8481	-7.99179	39.1187
			*MESH_VERTEX 218	-4.94113	-7.67064	39.0851
			*MESH_VERTEX 219	-14.407	3.92829	37.8725
			*MESH_VERTEX 220	14.808	5.73565	35.3408
			*MESH_VERTEX 221	11.1715	-15.3696	36.9955
			*MESH_VERTEX 222	-9.79632	-16.2054	37.0829
			*MESH_VERTEX 223	-16.2643	-16.1134	37.0733
			*MESH_VERTEX 224	-7.80726	-1.94012	40.3244
			*MESH_VERTEX 225	8.46479	-1.06156	40.1023
			*MESH_VERTEX 226	20.4377	-1.29466	39.9798
			*MESH_VERTEX 227	7.30557	-6.83356	40.384
			*MESH_VERTEX 228	-20.2255	-8.06174	40.7479
			*MESH_VERTEX 229	-10.4028	-14.7005	40.9476
			*MESH_VERTEX 230	-20.0215	-2.73196	40.4974
			*MESH_VERTEX 231	11.8067	-13.3761	40.6385
			*MESH_VERTEX 232	20.8433	-6.66386	40.2253
			*MESH_VERTEX 233	-15.6349	-14.6786	41.0048
			*MESH_VERTEX 234	-6.40533	-7.68501	40.5764
			*MESH_VERTEX 235	-14.1457	1.74528	40.2234
			*MESH_VERTEX 236	14.5482	3.03283	39.8438
			*MESH_VERTEX 237	16.7389	-13.1669	40.5738
			*MESH_VERTEX 238	-21.5224	-3.80858	27.6192
			*MESH_VERTEX 239	8.47298	-2.91075	26.8579
			*MESH_VERTEX 240	15.755	3.24338	26.1357
			*MESH_VERTEX 241	22.5409	-2.48003	26.5
			*MESH_VERTEX 242	-6.07309	-5.85818	27.4766
			*MESH_VERTEX 243	-8.08544	-2.01164	27.1519
			*MESH_VERTEX 244	-14.7718	1.80864	26.9577
			*MESH_VERTEX 245	18.8103	-13.3202	27.269
			*MESH_VERTEX 246	12.808	-13.8873	27.4564
			*MESH_VERTEX 247	-11.2846	-15.1267	28.1148
			*MESH_VERTEX 248	-17.3891	-14.7293	28.2172
		}
		*MESH_FACE_LIST {
			*MESH_FACE    0:    A:    63 B:    87 C:    244 AB:    1 BC:    1 CA:    1	 *MESH_SMOOTHING 1 	*MESH_MTLID 0
			*MESH_FACE    1:    A:    244 B:    243 C:    63 AB:    1 BC:    1 CA:    1	 *MESH_SMOOTHING 1 	*MESH_MTLID 0
			*MESH_FACE    2:    A:    128 B:    62 C:    239 AB:    1 BC:    1 CA:    1	 *MESH_SMOOTHING 1 	*MESH_MTLID 0
			*MESH_FACE    3:    A:    239 B:    240 C:    128 AB:    1 BC:    1 CA:    1	 *MESH_SMOOTHING 1 	*MESH_MTLID 0
			*MESH_FACE    4:    A:    59 B:    128 C:    240 AB:    1 BC:    1 CA:    1	 *MESH_SMOOTHING 1 	*MESH_MTLID 0
			*MESH_FACE    5:    A:    240 B:    241 C:    59 AB:    1 BC:    1 CA:    1	 *MESH_SMOOTHING 1 	*MESH_MTLID 0
			*MESH_FACE    6:    A:    59 B:    171 C:    80 AB:    1 BC:    1 CA:    1	 *MESH_SMOOTHING 1 	*MESH_MTLID 0
			*MESH_FACE    7:    A:    119 B:    62 C:    77 AB:    1 BC:    1 CA:    1	 *MESH_SMOOTHING 1 	*MESH_MTLID 0
			*MESH_FACE    8:    A:    62 B:    246 C:    239 AB:    1 BC:    1 CA:    1	 *MESH_SMOOTHING 1 	*MESH_MTLID 0
			*MESH_FACE    9:    A:    150 B:    177 C:    237 AB:    1 BC:    1 CA:    1	 *MESH_SMOOTHING 1 	*MESH_MTLID 0
			*MESH_FACE    10:    A:    237 B:    232 C:    150 AB:    1 BC:    1 CA:    1	 *MESH_SMOOTHING 1 	*MESH_MTLID 0
			*MESH_FACE    11:    A:    66 B:    228 C:    233 AB:    1 BC:    1 CA:    1	 *MESH_SMOOTHING 1 	*MESH_MTLID 0
			*MESH_FACE    12:    A:    233 B:    155 C:    66 AB:    1 BC:    1 CA:    1	 *MESH_SMOOTHING 1 	*MESH_MTLID 0
			*MESH_FACE    13:    A:    229 B:    234 C:    143 AB:    1 BC:    1 CA:    1	 *MESH_SMOOTHING 1 	*MESH_MTLID 0
			*MESH_FACE    14:    A:    143 B:    69 C:    229 AB:    1 BC:    1 CA:    1	 *MESH_SMOOTHING 1 	*MESH_MTLID 0
			*MESH_FACE    15:    A:    195 B:    199 C:    192 AB:    1 BC:    1 CA:    1	 *MESH_SMOOTHING 1 	*MESH_MTLID 0
			*MESH_FACE    16:    A:    104 B:    209 C:    37 AB:    1 BC:    1 CA:    1	 *MESH_SMOOTHING 1 	*MESH_MTLID 0
			*MESH_FACE    17:    A:    208 B:    178 C:    194 AB:    1 BC:    1 CA:    1	 *MESH_SMOOTHING 1 	*MESH_MTLID 0
			*MESH_FACE    18:    A:    181 B:    188 C:    30 AB:    1 BC:    1 CA:    1	 *MESH_SMOOTHING 1 	*MESH_MTLID 0
			*MESH_FACE    19:    A:    13 B:    202 C:    191 AB:    1 BC:    1 CA:    1	 *MESH_SMOOTHING 1 	*MESH_MTLID 0
			*MESH_FACE    20:    A:    13 B:    194 C:    202 AB:    1 BC:    1 CA:    1	 *MESH_SMOOTHING 1 	*MESH_MTLID 0
			*MESH_FACE    21:    A:    188 B:    207 C:    30 AB:    1 BC:    1 CA:    1	 *MESH_SMOOTHING 1 	*MESH_MTLID 0
			*MESH_FACE    22:    A:    170 B:    75 C:    178 AB:    1 BC:    1 CA:    1	 *MESH_SMOOTHING 1 	*MESH_MTLID 0
			*MESH_FACE    23:    A:    2 B:    186 C:    79 AB:    1 BC:    1 CA:    1	 *MESH_SMOOTHING 1 	*MESH_MTLID 0
			*MESH_FACE    24:    A:    53 B:    79 C:    157 AB:    1 BC:    1 CA:    1	 *MESH_SMOOTHING 1 	*MESH_MTLID 0
			*MESH_FACE    25:    A:    201 B:    191 C:    202 AB:    1 BC:    1 CA:    1	 *MESH_SMOOTHING 1 	*MESH_MTLID 0
			*MESH_FACE    26:    A:    137 B:    12 C:    19 AB:    1 BC:    1 CA:    1	 *MESH_SMOOTHING 1 	*MESH_MTLID 0
			*MESH_FACE    27:    A:    196 B:    194 C:    178 AB:    1 BC:    1 CA:    1	 *MESH_SMOOTHING 1 	*MESH_MTLID 0
			*MESH_FACE    28:    A:    22 B:    116 C:    20 AB:    1 BC:    1 CA:    1	 *MESH_SMOOTHING 1 	*MESH_MTLID 1
			*MESH_FACE    29:    A:    70 B:    49 C:    46 AB:    1 BC:    1 CA:    1	 *MESH_SMOOTHING 1 	*MESH_MTLID 1
			*MESH_FACE    30:    A:    117 B:    25 C:    23 AB:    1 BC:    1 CA:    1	 *MESH_SMOOTHING 1 	*MESH_MTLID 1
			*MESH_FACE    31:    A:    48 B:    71 C:    47 AB:    1 BC:    1 CA:    1	 *MESH_SMOOTHING 1 	*MESH_MTLID 1
			*MESH_FACE    32:    A:    27 B:    41 C:    158 AB:    1 BC:    1 CA:    1	 *MESH_SMOOTHING 1 	*MESH_MTLID 1
			*MESH_FACE    33:    A:    156 B:    29 C:    27 AB:    1 BC:    1 CA:    1	 *MESH_SMOOTHING 1 	*MESH_MTLID 1
			*MESH_FACE    34:    A:    26 B:    45 C:    92 AB:    1 BC:    1 CA:    1	 *MESH_SMOOTHING 1 	*MESH_MTLID 1
			*MESH_FACE    35:    A:    122 B:    207 C:    170 AB:    1 BC:    1 CA:    1	 *MESH_SMOOTHING 1 	*MESH_MTLID 0
			*MESH_FACE    36:    A:    30 B:    31 C:    181 AB:    1 BC:    1 CA:    1	 *MESH_SMOOTHING 1 	*MESH_MTLID 0
			*MESH_FACE    37:    A:    14 B:    31 C:    121 AB:    1 BC:    1 CA:    1	 *MESH_SMOOTHING 1 	*MESH_MTLID 0
			*MESH_FACE    38:    A:    188 B:    181 C:    203 AB:    1 BC:    1 CA:    1	 *MESH_SMOOTHING 1 	*MESH_MTLID 0
			*MESH_FACE    39:    A:    5 B:    80 C:    183 AB:    1 BC:    1 CA:    1	 *MESH_SMOOTHING 1 	*MESH_MTLID 0
			*MESH_FACE    40:    A:    171 B:    89 C:    120 AB:    1 BC:    1 CA:    1	 *MESH_SMOOTHING 1 	*MESH_MTLID 0
			*MESH_FACE    41:    A:    130 B:    173 C:    182 AB:    1 BC:    1 CA:    1	 *MESH_SMOOTHING 1 	*MESH_MTLID 0
			*MESH_FACE    42:    A:    185 B:    37 C:    209 AB:    1 BC:    1 CA:    1	 *MESH_SMOOTHING 1 	*MESH_MTLID 0
			*MESH_FACE    43:    A:    159 B:    185 C:    206 AB:    1 BC:    1 CA:    1	 *MESH_SMOOTHING 1 	*MESH_MTLID 0
			*MESH_FACE    44:    A:    38 B:    85 C:    37 AB:    1 BC:    1 CA:    1	 *MESH_SMOOTHING 1 	*MESH_MTLID 0
			*MESH_FACE    45:    A:    185 B:    159 C:    37 AB:    1 BC:    1 CA:    1	 *MESH_SMOOTHING 1 	*MESH_MTLID 0
			*MESH_FACE    46:    A:    37 B:    159 C:    38 AB:    1 BC:    1 CA:    1	 *MESH_SMOOTHING 1 	*MESH_MTLID 0
			*MESH_FACE    47:    A:    164 B:    19 C:    12 AB:    1 BC:    1 CA:    1	 *MESH_SMOOTHING 1 	*MESH_MTLID 0
			*MESH_FACE    48:    A:    40 B:    28 C:    90 AB:    1 BC:    1 CA:    1	 *MESH_SMOOTHING 1 	*MESH_MTLID 1
			*MESH_FACE    49:    A:    45 B:    26 C:    125 AB:    1 BC:    1 CA:    1	 *MESH_SMOOTHING 1 	*MESH_MTLID 1
			*MESH_FACE    50:    A:    27 B:    147 C:    41 AB:    1 BC:    1 CA:    1	 *MESH_SMOOTHING 1 	*MESH_MTLID 1
			*MESH_FACE    51:    A:    226 B:    236 C:    67 AB:    1 BC:    1 CA:    1	 *MESH_SMOOTHING 1 	*MESH_MTLID 0
			*MESH_FACE    52:    A:    67 B:    146 C:    226 AB:    1 BC:    1 CA:    1	 *MESH_SMOOTHING 1 	*MESH_MTLID 0
			*MESH_FACE    53:    A:    130 B:    182 C:    199 AB:    1 BC:    1 CA:    1	 *MESH_SMOOTHING 1 	*MESH_MTLID 0
			*MESH_FACE    54:    A:    167 B:    198 C:    173 AB:    1 BC:    1 CA:    1	 *MESH_SMOOTHING 1 	*MESH_MTLID 0
			*MESH_FACE    55:    A:    129 B:    45 C:    125 AB:    1 BC:    1 CA:    1	 *MESH_SMOOTHING 1 	*MESH_MTLID 1
			*MESH_FACE    56:    A:    49 B:    162 C:    46 AB:    1 BC:    1 CA:    1	 *MESH_SMOOTHING 1 	*MESH_MTLID 1
			*MESH_FACE    57:    A:    20 B:    149 C:    101 AB:    1 BC:    1 CA:    1	 *MESH_SMOOTHING 1 	*MESH_MTLID 1
			*MESH_FACE    58:    A:    163 B:    48 C:    47 AB:    1 BC:    1 CA:    1	 *MESH_SMOOTHING 1 	*MESH_MTLID 1
			*MESH_FACE    59:    A:    148 B:    23 C:    96 AB:    1 BC:    1 CA:    1	 *MESH_SMOOTHING 1 	*MESH_MTLID 1
			*MESH_FACE    60:    A:    48 B:    163 C:    179 AB:    1 BC:    1 CA:    1	 *MESH_SMOOTHING 1 	*MESH_MTLID 1
			*MESH_FACE    61:    A:    174 B:    48 C:    179 AB:    1 BC:    1 CA:    1	 *MESH_SMOOTHING 1 	*MESH_MTLID 1
			*MESH_FACE    62:    A:    162 B:    49 C:    180 AB:    1 BC:    1 CA:    1	 *MESH_SMOOTHING 1 	*MESH_MTLID 1
			*MESH_FACE    63:    A:    49 B:    175 C:    180 AB:    1 BC:    1 CA:    1	 *MESH_SMOOTHING 1 	*MESH_MTLID 1
			*MESH_FACE    64:    A:    177 B:    91 C:    231 AB:    1 BC:    1 CA:    1	 *MESH_SMOOTHING 1 	*MESH_MTLID 0
			*MESH_FACE    65:    A:    231 B:    237 C:    177 AB:    1 BC:    1 CA:    1	 *MESH_SMOOTHING 1 	*MESH_MTLID 0
			*MESH_FACE    66:    A:    157 B:    108 C:    51 AB:    1 BC:    1 CA:    1	 *MESH_SMOOTHING 1 	*MESH_MTLID 0
			*MESH_FACE    67:    A:    155 B:    233 C:    229 AB:    1 BC:    1 CA:    1	 *MESH_SMOOTHING 1 	*MESH_MTLID 0
			*MESH_FACE    68:    A:    229 B:    69 C:    155 AB:    1 BC:    1 CA:    1	 *MESH_SMOOTHING 1 	*MESH_MTLID 0
			*MESH_FACE    69:    A:    53 B:    123 C:    248 AB:    1 BC:    1 CA:    1	 *MESH_SMOOTHING 1 	*MESH_MTLID 0
			*MESH_FACE    70:    A:    51 B:    53 C:    157 AB:    1 BC:    1 CA:    1	 *MESH_SMOOTHING 1 	*MESH_MTLID 0
			*MESH_FACE    71:    A:    14 B:    121 C:    54 AB:    1 BC:    1 CA:    1	 *MESH_SMOOTHING 1 	*MESH_MTLID 0
			*MESH_FACE    72:    A:    83 B:    199 C:    182 AB:    1 BC:    1 CA:    1	 *MESH_SMOOTHING 1 	*MESH_MTLID 0
			*MESH_FACE    73:    A:    56 B:    225 C:    227 AB:    1 BC:    1 CA:    1	 *MESH_SMOOTHING 1 	*MESH_MTLID 0
			*MESH_FACE    74:    A:    227 B:    151 C:    56 AB:    1 BC:    1 CA:    1	 *MESH_SMOOTHING 1 	*MESH_MTLID 0
			*MESH_FACE    75:    A:    67 B:    236 C:    225 AB:    1 BC:    1 CA:    1	 *MESH_SMOOTHING 1 	*MESH_MTLID 0
			*MESH_FACE    76:    A:    225 B:    56 C:    67 AB:    1 BC:    1 CA:    1	 *MESH_SMOOTHING 1 	*MESH_MTLID 0
			*MESH_FACE    77:    A:    114 B:    70 C:    115 AB:    1 BC:    1 CA:    1	 *MESH_SMOOTHING 1 	*MESH_MTLID 1
			*MESH_FACE    78:    A:    116 B:    22 C:    175 AB:    1 BC:    1 CA:    1	 *MESH_SMOOTHING 1 	*MESH_MTLID 1
			*MESH_FACE    79:    A:    71 B:    111 C:    112 AB:    1 BC:    1 CA:    1	 *MESH_SMOOTHING 1 	*MESH_MTLID 1
			*MESH_FACE    80:    A:    25 B:    117 C:    174 AB:    1 BC:    1 CA:    1	 *MESH_SMOOTHING 1 	*MESH_MTLID 1
			*MESH_FACE    81:    A:    89 B:    171 C:    59 AB:    1 BC:    1 CA:    1	 *MESH_SMOOTHING 1 	*MESH_MTLID 0
			*MESH_FACE    82:    A:    3 B:    59 C:    245 AB:    1 BC:    1 CA:    1	 *MESH_SMOOTHING 1 	*MESH_MTLID 0
			*MESH_FACE    83:    A:    20 B:    60 C:    149 AB:    1 BC:    1 CA:    1	 *MESH_SMOOTHING 1 	*MESH_MTLID 1
			*MESH_FACE    84:    A:    61 B:    23 C:    148 AB:    1 BC:    1 CA:    1	 *MESH_SMOOTHING 1 	*MESH_MTLID 1
			*MESH_FACE    85:    A:    62 B:    119 C:    89 AB:    1 BC:    1 CA:    1	 *MESH_SMOOTHING 1 	*MESH_MTLID 0
			*MESH_FACE    86:    A:    3 B:    246 C:    62 AB:    1 BC:    1 CA:    1	 *MESH_SMOOTHING 1 	*MESH_MTLID 0
			*MESH_FACE    87:    A:    107 B:    78 C:    63 AB:    1 BC:    1 CA:    1	 *MESH_SMOOTHING 1 	*MESH_MTLID 0
			*MESH_FACE    88:    A:    63 B:    51 C:    107 AB:    1 BC:    1 CA:    1	 *MESH_SMOOTHING 1 	*MESH_MTLID 0
			*MESH_FACE    89:    A:    64 B:    8 C:    36 AB:    1 BC:    1 CA:    1	 *MESH_SMOOTHING 1 	*MESH_MTLID 0
			*MESH_FACE    90:    A:    34 B:    136 C:    190 AB:    1 BC:    1 CA:    1	 *MESH_SMOOTHING 1 	*MESH_MTLID 0
			*MESH_FACE    91:    A:    109 B:    34 C:    200 AB:    1 BC:    1 CA:    1	 *MESH_SMOOTHING 1 	*MESH_MTLID 0
			*MESH_FACE    92:    A:    66 B:    155 C:    154 AB:    1 BC:    1 CA:    1	 *MESH_SMOOTHING 1 	*MESH_MTLID 0
			*MESH_FACE    93:    A:    142 B:    230 C:    228 AB:    1 BC:    1 CA:    1	 *MESH_SMOOTHING 1 	*MESH_MTLID 0
			*MESH_FACE    94:    A:    228 B:    66 C:    142 AB:    1 BC:    1 CA:    1	 *MESH_SMOOTHING 1 	*MESH_MTLID 0
			*MESH_FACE    95:    A:    56 B:    7 C:    67 AB:    1 BC:    1 CA:    1	 *MESH_SMOOTHING 1 	*MESH_MTLID 0
			*MESH_FACE    96:    A:    7 B:    42 C:    67 AB:    1 BC:    1 CA:    1	 *MESH_SMOOTHING 1 	*MESH_MTLID 0
			*MESH_FACE    97:    A:    11 B:    55 C:    68 AB:    1 BC:    1 CA:    1	 *MESH_SMOOTHING 1 	*MESH_MTLID 0
			*MESH_FACE    98:    A:    198 B:    182 C:    173 AB:    1 BC:    1 CA:    1	 *MESH_SMOOTHING 1 	*MESH_MTLID 0
			*MESH_FACE    99:    A:    69 B:    1 C:    52 AB:    1 BC:    1 CA:    1	 *MESH_SMOOTHING 1 	*MESH_MTLID 0
			*MESH_FACE    100:    A:    1 B:    69 C:    105 AB:    1 BC:    1 CA:    1	 *MESH_SMOOTHING 1 	*MESH_MTLID 0
			*MESH_FACE    101:    A:    149 B:    70 C:    132 AB:    1 BC:    1 CA:    1	 *MESH_SMOOTHING 1 	*MESH_MTLID 1
			*MESH_FACE    102:    A:    57 B:    113 C:    70 AB:    1 BC:    1 CA:    1	 *MESH_SMOOTHING 1 	*MESH_MTLID 1
			*MESH_FACE    103:    A:    71 B:    148 C:    131 AB:    1 BC:    1 CA:    1	 *MESH_SMOOTHING 1 	*MESH_MTLID 1
			*MESH_FACE    104:    A:    110 B:    58 C:    71 AB:    1 BC:    1 CA:    1	 *MESH_SMOOTHING 1 	*MESH_MTLID 1
			*MESH_FACE    105:    A:    175 B:    114 C:    115 AB:    1 BC:    1 CA:    1	 *MESH_SMOOTHING 1 	*MESH_MTLID 1
			*MESH_FACE    106:    A:    111 B:    174 C:    112 AB:    1 BC:    1 CA:    1	 *MESH_SMOOTHING 1 	*MESH_MTLID 1
			*MESH_FACE    107:    A:    141 B:    204 C:    39 AB:    1 BC:    1 CA:    1	 *MESH_SMOOTHING 1 	*MESH_MTLID 0
			*MESH_FACE    108:    A:    16 B:    189 C:    140 AB:    1 BC:    1 CA:    1	 *MESH_SMOOTHING 1 	*MESH_MTLID 0
